Temperature (K)	Pressure (bar)	Density (g/ml)	Volume (ml/g)	Internal Energy (kJ/kg)	Enthalpy (kJ/kg)	Entropy (J/g*K)	Cv (J/g*K)	Cp (J/g*K)	Sound Spd. (m/s)	Joule-Thomson (K/bar)	Viscosity (uPa*s)	Therm. Cond. (W/m*K)	Phase
298.00	0.0000	0.0000	infinite	587.05	669.45	-3.3257e+05	1.4680	1.7445	312.92	undefined	9.2180	0.020628	vapor
298.00	0.066667	8.0946e-05	12354.	586.96	669.32	4.1542	1.4682	1.7453	312.82	1.0839	9.2187	0.020634	vapor
298.00	0.13333	0.00016197	6173.9	586.88	669.19	3.9623	1.4684	1.7461	312.71	1.0844	9.2195	0.020640	vapor
298.00	0.20000	0.00024308	4113.9	586.79	669.07	3.8499	1.4686	1.7469	312.60	1.0849	9.2202	0.020646	vapor
298.00	0.26667	0.00032427	3083.9	586.71	668.94	3.7700	1.4688	1.7476	312.49	1.0854	9.2210	0.020652	vapor
298.00	0.33333	0.00040554	2465.9	586.62	668.82	3.7081	1.4690	1.7484	312.38	1.0858	9.2217	0.020658	vapor
298.00	0.40000	0.00048689	2053.8	586.54	668.69	3.6573	1.4692	1.7492	312.27	1.0863	9.2225	0.020664	vapor
298.00	0.46667	0.00056832	1759.6	586.45	668.56	3.6144	1.4695	1.7500	312.16	1.0868	9.2232	0.020670	vapor
298.00	0.53333	0.00064984	1538.8	586.36	668.44	3.5772	1.4697	1.7508	312.06	1.0873	9.2240	0.020676	vapor
298.00	0.60000	0.00073144	1367.2	586.28	668.31	3.5444	1.4699	1.7516	311.95	1.0878	9.2247	0.020682	vapor
298.00	0.66667	0.00081312	1229.8	586.19	668.18	3.5149	1.4701	1.7524	311.84	1.0883	9.2255	0.020688	vapor
298.00	0.73333	0.00089488	1117.5	586.11	668.05	3.4883	1.4703	1.7532	311.73	1.0888	9.2263	0.020694	vapor
298.00	0.80000	0.00097673	1023.8	586.02	667.93	3.4640	1.4705	1.7540	311.62	1.0892	9.2270	0.020700	vapor
298.00	0.86667	0.0010587	944.59	585.93	667.80	3.4415	1.4707	1.7548	311.51	1.0897	9.2278	0.020706	vapor
298.00	0.93333	0.0011407	876.68	585.85	667.67	3.4208	1.4709	1.7556	311.40	1.0902	9.2286	0.020712	vapor
298.00	1.0000	0.0012228	817.82	585.76	667.54	3.4014	1.4711	1.7564	311.29	1.0907	9.2294	0.020718	vapor
298.00	1.0667	0.0013049	766.31	585.68	667.42	3.3833	1.4714	1.7572	311.18	1.0912	9.2302	0.020724	vapor
298.00	1.1333	0.0013872	720.87	585.59	667.29	3.3662	1.4716	1.7580	311.07	1.0917	9.2309	0.020731	vapor
298.00	1.2000	0.0014696	680.48	585.50	667.16	3.3501	1.4718	1.7589	310.96	1.0922	9.2317	0.020737	vapor
298.00	1.2667	0.0015520	644.33	585.42	667.03	3.3349	1.4720	1.7597	310.85	1.0926	9.2325	0.020743	vapor
298.00	1.3333	0.0016345	611.80	585.33	666.90	3.3204	1.4722	1.7605	310.74	1.0931	9.2333	0.020749	vapor
298.00	1.4000	0.0017171	582.37	585.24	666.78	3.3066	1.4724	1.7613	310.63	1.0936	9.2342	0.020755	vapor
298.00	1.4667	0.0017998	555.62	585.16	666.65	3.2934	1.4727	1.7622	310.52	1.0941	9.2350	0.020762	vapor
298.00	1.5333	0.0018826	531.19	585.07	666.52	3.2809	1.4729	1.7630	310.41	1.0946	9.2358	0.020768	vapor
298.00	1.6000	0.0019654	508.79	584.98	666.39	3.2688	1.4731	1.7638	310.30	1.0951	9.2366	0.020774	vapor
298.00	1.6667	0.0020484	488.19	584.90	666.26	3.2572	1.4733	1.7647	310.19	1.0956	9.2374	0.020780	vapor
298.00	1.7333	0.0021314	469.17	584.81	666.13	3.2461	1.4735	1.7655	310.08	1.0961	9.2383	0.020787	vapor
298.00	1.8000	0.0022145	451.56	584.72	666.00	3.2354	1.4737	1.7663	309.97	1.0966	9.2391	0.020793	vapor
298.00	1.8667	0.0022977	435.21	584.63	665.87	3.2250	1.4740	1.7672	309.86	1.0971	9.2399	0.020799	vapor
298.00	1.9333	0.0023810	419.99	584.55	665.74	3.2150	1.4742	1.7680	309.75	1.0975	9.2408	0.020806	vapor
298.00	2.0000	0.0024644	405.78	584.46	665.62	3.2053	1.4744	1.7689	309.64	1.0980	9.2416	0.020812	vapor
298.00	2.0667	0.0025479	392.49	584.37	665.49	3.1960	1.4746	1.7697	309.53	1.0985	9.2425	0.020818	vapor
298.00	2.1333	0.0026314	380.02	584.28	665.36	3.1869	1.4749	1.7706	309.42	1.0990	9.2433	0.020825	vapor
298.00	2.2000	0.0027150	368.32	584.20	665.23	3.1781	1.4751	1.7714	309.31	1.0995	9.2442	0.020831	vapor
298.00	2.2667	0.0027988	357.30	584.11	665.10	3.1695	1.4753	1.7723	309.20	1.1000	9.2450	0.020837	vapor
298.00	2.3333	0.0028826	346.91	584.02	664.97	3.1612	1.4755	1.7732	309.09	1.1005	9.2459	0.020844	vapor
298.00	2.4000	0.0029665	337.10	583.93	664.84	3.1531	1.4758	1.7740	308.98	1.1010	9.2468	0.020850	vapor
298.00	2.4667	0.0030505	327.82	583.84	664.71	3.1453	1.4760	1.7749	308.86	1.1015	9.2476	0.020857	vapor
298.00	2.5333	0.0031346	319.02	583.76	664.58	3.1376	1.4762	1.7758	308.75	1.1020	9.2485	0.020863	vapor
298.00	2.6000	0.0032187	310.68	583.67	664.45	3.1301	1.4764	1.7766	308.64	1.1025	9.2494	0.020870	vapor
298.00	2.6667	0.0033030	302.76	583.58	664.31	3.1228	1.4767	1.7775	308.53	1.1030	9.2503	0.020876	vapor
298.00	2.7333	0.0033873	295.22	583.49	664.18	3.1157	1.4769	1.7784	308.42	1.1035	9.2512	0.020883	vapor
298.00	2.8000	0.0034718	288.04	583.40	664.05	3.1087	1.4771	1.7793	308.31	1.1040	9.2521	0.020889	vapor
298.00	2.8667	0.0035563	281.19	583.31	663.92	3.1019	1.4774	1.7802	308.19	1.1045	9.2530	0.020896	vapor
298.00	2.9333	0.0036409	274.66	583.23	663.79	3.0953	1.4776	1.7811	308.08	1.1050	9.2539	0.020902	vapor
298.00	3.0000	0.0037256	268.41	583.14	663.66	3.0887	1.4778	1.7819	307.97	1.1055	9.2548	0.020909	vapor
298.00	3.0667	0.0038104	262.44	583.05	663.53	3.0824	1.4781	1.7828	307.86	1.1059	9.2557	0.020915	vapor
298.00	3.1333	0.0038953	256.72	582.96	663.40	3.0761	1.4783	1.7837	307.75	1.1064	9.2566	0.020922	vapor
298.00	3.2000	0.0039803	251.24	582.87	663.26	3.0700	1.4785	1.7846	307.63	1.1069	9.2575	0.020929	vapor
298.00	3.2667	0.0040654	245.98	582.78	663.13	3.0640	1.4788	1.7855	307.52	1.1074	9.2584	0.020935	vapor
298.00	3.3333	0.0041505	240.93	582.69	663.00	3.0581	1.4790	1.7864	307.41	1.1079	9.2594	0.020942	vapor
298.00	3.4000	0.0042358	236.08	582.60	662.87	3.0523	1.4792	1.7873	307.30	1.1084	9.2603	0.020948	vapor
298.00	3.4667	0.0043212	231.42	582.51	662.74	3.0467	1.4795	1.7883	307.18	1.1089	9.2612	0.020955	vapor
298.00	3.5333	0.0044066	226.93	582.42	662.60	3.0411	1.4797	1.7892	307.07	1.1094	9.2622	0.020962	vapor
298.00	3.6000	0.0044921	222.61	582.33	662.47	3.0356	1.4799	1.7901	306.96	1.1099	9.2631	0.020969	vapor
298.00	3.6667	0.0045778	218.45	582.24	662.34	3.0302	1.4802	1.7910	306.85	1.1104	9.2641	0.020975	vapor
298.00	3.7333	0.0046635	214.43	582.15	662.21	3.0249	1.4804	1.7919	306.73	1.1109	9.2650	0.020982	vapor
298.00	3.8000	0.0047493	210.56	582.06	662.07	3.0197	1.4807	1.7929	306.62	1.1114	9.2660	0.020989	vapor
298.00	3.8667	0.0048352	206.82	581.97	661.94	3.0146	1.4809	1.7938	306.51	1.1119	9.2670	0.020996	vapor
298.00	3.9333	0.0049212	203.20	581.88	661.81	3.0096	1.4811	1.7947	306.39	1.1125	9.2679	0.021002	vapor
298.00	4.0000	0.0050073	199.71	581.79	661.68	3.0046	1.4814	1.7956	306.28	1.1130	9.2689	0.021009	vapor
298.00	4.0667	0.0050935	196.33	581.70	661.54	2.9998	1.4816	1.7966	306.17	1.1135	9.2699	0.021016	vapor
298.00	4.1333	0.0051798	193.06	581.61	661.41	2.9950	1.4819	1.7975	306.05	1.1140	9.2709	0.021023	vapor
298.00	4.2000	0.0052662	189.89	581.52	661.28	2.9902	1.4821	1.7985	305.94	1.1145	9.2719	0.021030	vapor
298.00	4.2667	0.0053526	186.82	581.43	661.14	2.9856	1.4823	1.7994	305.83	1.1150	9.2729	0.021036	vapor
298.00	4.3333	0.0054392	183.85	581.34	661.01	2.9810	1.4826	1.8004	305.71	1.1155	9.2739	0.021043	vapor
298.00	4.4000	0.0055259	180.97	581.25	660.87	2.9764	1.4828	1.8013	305.60	1.1160	9.2749	0.021050	vapor
298.00	4.4667	0.0056126	178.17	581.16	660.74	2.9720	1.4831	1.8023	305.48	1.1165	9.2759	0.021057	vapor
298.00	4.5333	0.0056995	175.45	581.07	660.61	2.9676	1.4833	1.8032	305.37	1.1170	9.2769	0.021064	vapor
298.00	4.6000	0.0057865	172.82	580.98	660.47	2.9632	1.4836	1.8042	305.26	1.1175	9.2779	0.021071	vapor
298.00	4.6667	0.0058735	170.26	580.88	660.34	2.9589	1.4838	1.8052	305.14	1.1180	9.2789	0.021078	vapor
298.00	4.7333	0.0059607	167.77	580.79	660.20	2.9547	1.4841	1.8061	305.03	1.1185	9.2799	0.021085	vapor
298.00	4.8000	0.0060479	165.35	580.70	660.07	2.9505	1.4843	1.8071	304.91	1.1190	9.2810	0.021092	vapor
298.00	4.8667	0.0061353	162.99	580.61	659.93	2.9464	1.4846	1.8081	304.80	1.1195	9.2820	0.021099	vapor
298.00	4.9333	0.0062227	160.70	580.52	659.80	2.9423	1.4848	1.8090	304.68	1.1200	9.2830	0.021106	vapor
298.00	5.0000	0.0063103	158.47	580.43	659.66	2.9383	1.4851	1.8100	304.57	1.1205	9.2841	0.021113	vapor
298.00	5.0667	0.0063979	156.30	580.33	659.53	2.9343	1.4853	1.8110	304.45	1.1211	9.2851	0.021120	vapor
298.00	5.1333	0.0064857	154.19	580.24	659.39	2.9304	1.4856	1.8120	304.34	1.1216	9.2862	0.021127	vapor
298.00	5.2000	0.0065735	152.13	580.15	659.26	2.9265	1.4858	1.8130	304.22	1.1221	9.2872	0.021134	vapor
298.00	5.2667	0.0066614	150.12	580.06	659.12	2.9227	1.4861	1.8140	304.11	1.1226	9.2883	0.021141	vapor
298.00	5.3333	0.0067495	148.16	579.97	658.98	2.9189	1.4863	1.8150	303.99	1.1231	9.2894	0.021149	vapor
298.00	5.4000	0.0068376	146.25	579.87	658.85	2.9151	1.4866	1.8160	303.88	1.1236	9.2904	0.021156	vapor
298.00	5.4667	0.0069259	144.39	579.78	658.71	2.9114	1.4868	1.8170	303.76	1.1241	9.2915	0.021163	vapor
298.00	5.5333	0.0070142	142.57	579.69	658.58	2.9078	1.4871	1.8180	303.65	1.1246	9.2926	0.021170	vapor
298.00	5.6000	0.0071026	140.79	579.60	658.44	2.9041	1.4874	1.8190	303.53	1.1252	9.2937	0.021177	vapor
298.00	5.6667	0.0071912	139.06	579.50	658.30	2.9006	1.4876	1.8200	303.42	1.1257	9.2948	0.021184	vapor
298.00	5.7333	0.0072798	137.37	579.41	658.17	2.8970	1.4879	1.8210	303.30	1.1262	9.2959	0.021192	vapor
298.00	5.8000	0.0073686	135.71	579.32	658.03	2.8935	1.4881	1.8220	303.18	1.1267	9.2970	0.021199	vapor
298.00	5.8667	0.0074574	134.09	579.22	657.89	2.8900	1.4884	1.8231	303.07	1.1272	9.2981	0.021206	vapor
298.00	5.9333	0.0075464	132.51	579.13	657.76	2.8866	1.4886	1.8241	302.95	1.1277	9.2992	0.021214	vapor
298.00	6.0000	0.0076354	130.97	579.04	657.62	2.8832	1.4889	1.8251	302.84	1.1282	9.3003	0.021221	vapor
298.00	6.0667	0.0077246	129.46	578.94	657.48	2.8798	1.4892	1.8262	302.72	1.1288	9.3014	0.021228	vapor
298.00	6.1333	0.0078139	127.98	578.85	657.34	2.8765	1.4894	1.8272	302.60	1.1293	9.3026	0.021235	vapor
298.00	6.2000	0.0079032	126.53	578.76	657.21	2.8731	1.4897	1.8282	302.49	1.1298	9.3037	0.021243	vapor
298.00	6.2667	0.0079927	125.11	578.66	657.07	2.8699	1.4900	1.8293	302.37	1.1303	9.3048	0.021250	vapor
298.00	6.3333	0.0080823	123.73	578.57	656.93	2.8666	1.4902	1.8303	302.25	1.1308	9.3060	0.021258	vapor
298.00	6.4000	0.0081720	122.37	578.48	656.79	2.8634	1.4905	1.8314	302.14	1.1314	9.3071	0.021265	vapor
298.00	6.4667	0.0082618	121.04	578.38	656.65	2.8602	1.4908	1.8324	302.02	1.1319	9.3083	0.021272	vapor
298.00	6.5333	0.0083516	119.74	578.29	656.52	2.8571	1.4910	1.8335	301.90	1.1324	9.3094	0.021280	vapor
298.00	6.6000	0.0084416	118.46	578.19	656.38	2.8539	1.4913	1.8345	301.79	1.1329	9.3106	0.021287	vapor
298.00	6.6667	0.0085317	117.21	578.10	656.24	2.8508	1.4915	1.8356	301.67	1.1334	9.3118	0.021295	vapor
298.00	6.7333	0.0086219	115.98	578.00	656.10	2.8478	1.4918	1.8367	301.55	1.1340	9.3129	0.021302	vapor
298.00	6.8000	0.0087123	114.78	577.91	655.96	2.8447	1.4921	1.8377	301.43	1.1345	9.3141	0.021310	vapor
298.00	6.8667	0.0088027	113.60	577.82	655.82	2.8417	1.4924	1.8388	301.32	1.1350	9.3153	0.021318	vapor
298.00	6.9333	0.0088932	112.45	577.72	655.68	2.8387	1.4926	1.8399	301.20	1.1355	9.3165	0.021325	vapor
298.00	7.0000	0.0089838	111.31	577.63	655.54	2.8357	1.4929	1.8410	301.08	1.1360	9.3177	0.021333	vapor
298.00	7.0667	0.0090746	110.20	577.53	655.40	2.8328	1.4932	1.8421	300.96	1.1366	9.3189	0.021340	vapor
298.00	7.1333	0.0091654	109.11	577.44	655.26	2.8299	1.4934	1.8432	300.85	1.1371	9.3201	0.021348	vapor
298.00	7.2000	0.0092564	108.03	577.34	655.12	2.8270	1.4937	1.8442	300.73	1.1376	9.3213	0.021356	vapor
298.00	7.2667	0.0093475	106.98	577.25	654.98	2.8241	1.4940	1.8453	300.61	1.1381	9.3225	0.021363	vapor
298.00	7.3333	0.0094387	105.95	577.15	654.84	2.8212	1.4943	1.8464	300.49	1.1387	9.3237	0.021371	vapor
298.00	7.4000	0.0095299	104.93	577.05	654.70	2.8184	1.4945	1.8475	300.37	1.1392	9.3250	0.021379	vapor
298.00	7.4667	0.0096213	103.94	576.96	654.56	2.8156	1.4948	1.8487	300.25	1.1397	9.3262	0.021386	vapor
298.00	7.5333	0.0097129	102.96	576.86	654.42	2.8128	1.4951	1.8498	300.14	1.1403	9.3274	0.021394	vapor
298.00	7.6000	0.0098045	101.99	576.77	654.28	2.8100	1.4954	1.8509	300.02	1.1408	9.3287	0.021402	vapor
298.00	7.6667	0.0098962	101.05	576.67	654.14	2.8073	1.4956	1.8520	299.90	1.1413	9.3299	0.021410	vapor
298.00	7.7333	0.0099880	100.12	576.57	654.00	2.8046	1.4959	1.8531	299.78	1.1418	9.3312	0.021417	vapor
298.00	7.8000	0.010080	99.206	576.48	653.86	2.8019	1.4962	1.8542	299.66	1.1424	9.3324	0.021425	vapor
298.00	7.8667	0.010172	98.308	576.38	653.72	2.7992	1.4965	1.8554	299.54	1.1429	9.3337	0.021433	vapor
298.00	7.9333	0.010264	97.426	576.29	653.58	2.7965	1.4967	1.8565	299.42	1.1434	9.3350	0.021441	vapor
298.00	8.0000	0.010357	96.557	576.19	653.44	2.7939	1.4970	1.8576	299.30	1.1440	9.3362	0.021449	vapor
298.00	8.0667	0.010449	95.704	576.09	653.29	2.7913	1.4973	1.8588	299.18	1.1445	9.3375	0.021457	vapor
298.00	8.1333	0.010541	94.864	576.00	653.15	2.7886	1.4976	1.8599	299.06	1.1450	9.3388	0.021465	vapor
298.00	8.2000	0.010634	94.037	575.90	653.01	2.7861	1.4979	1.8611	298.94	1.1456	9.3401	0.021473	vapor
298.00	8.2667	0.010727	93.224	575.80	652.87	2.7835	1.4982	1.8622	298.82	1.1461	9.3414	0.021481	vapor
298.00	8.3333	0.010820	92.424	575.70	652.72	2.7809	1.4984	1.8634	298.70	1.1466	9.3427	0.021489	vapor
298.00	8.4000	0.010913	91.637	575.61	652.58	2.7784	1.4987	1.8646	298.59	1.1472	9.3440	0.021497	vapor
298.00	8.4667	0.011006	90.862	575.51	652.44	2.7759	1.4990	1.8657	298.47	1.1477	9.3453	0.021505	vapor
298.00	8.5333	0.011099	90.099	575.41	652.30	2.7734	1.4993	1.8669	298.34	1.1482	9.3466	0.021513	vapor
298.00	8.6000	0.011192	89.347	575.32	652.15	2.7709	1.4996	1.8681	298.22	1.1488	9.3479	0.021521	vapor
298.00	8.6667	0.011286	88.608	575.22	652.01	2.7684	1.4999	1.8692	298.10	1.1493	9.3493	0.021529	vapor
298.00	8.7333	0.011379	87.879	575.12	651.87	2.7660	1.5001	1.8704	297.98	1.1499	9.3506	0.021537	vapor
298.00	8.8000	0.011473	87.162	575.02	651.72	2.7635	1.5004	1.8716	297.86	1.1504	9.3520	0.021545	vapor
298.00	8.8667	0.011567	86.455	574.92	651.58	2.7611	1.5007	1.8728	297.74	1.1509	9.3533	0.021553	vapor
298.00	8.9333	0.011661	85.759	574.83	651.44	2.7587	1.5010	1.8740	297.62	1.1515	9.3547	0.021562	vapor
298.00	9.0000	0.011755	85.073	574.73	651.29	2.7563	1.5013	1.8752	297.50	1.1520	9.3560	0.021570	vapor
298.00	9.0667	0.011849	84.397	574.63	651.15	2.7539	1.5016	1.8764	297.38	1.1526	9.3574	0.021578	vapor
298.00	9.1333	0.011943	83.731	574.53	651.00	2.7515	1.5019	1.8776	297.26	1.1531	9.3588	0.021586	vapor
298.00	9.2000	0.012037	83.074	574.43	650.86	2.7492	1.5022	1.8788	297.14	1.1536	9.3601	0.021594	vapor
298.00	9.2667	0.012132	82.427	574.33	650.72	2.7469	1.5025	1.8800	297.02	1.1542	9.3615	0.021603	vapor
298.00	9.3333	0.012227	81.789	574.23	650.57	2.7445	1.5028	1.8812	296.89	1.1547	9.3629	0.021611	vapor
298.00	9.4000	0.012321	81.160	574.13	650.43	2.7422	1.5031	1.8825	296.77	1.1553	9.3643	0.021619	vapor
298.00	9.4667	0.012416	80.540	574.04	650.28	2.7399	1.5034	1.8837	296.65	1.1558	9.3657	0.021628	vapor
298.00	9.5333	0.012511	79.929	573.94	650.14	2.7376	1.5037	1.8849	296.53	1.1564	9.3671	0.021636	vapor
298.00	9.6000	0.012606	79.326	573.84	649.99	2.7354	1.5039	1.8862	296.41	1.1569	9.3685	0.021645	vapor
298.00	9.6667	0.012701	78.731	573.74	649.84	2.7331	1.5042	1.8874	296.29	1.1574	9.3699	0.021653	vapor
298.00	9.7333	0.012797	78.145	573.64	649.70	2.7309	1.5045	1.8886	296.16	1.1580	9.3714	0.021661	vapor
298.00	9.8000	0.012892	77.566	573.54	649.55	2.7286	1.5048	1.8899	296.04	1.1585	9.3728	0.021670	vapor
298.00	9.8667	0.012988	76.995	573.44	649.41	2.7264	1.5051	1.8911	295.92	1.1591	9.3742	0.021678	vapor
298.00	9.9333	0.013084	76.432	573.34	649.26	2.7242	1.5054	1.8924	295.80	1.1596	9.3757	0.021687	vapor
298.00	10.000	0.013179	75.876	573.24	649.11	2.7220	1.5057	1.8937	295.67	1.1602	9.3771	0.021696	vapor
298.00	10.067	0.013275	75.327	573.14	648.97	2.7198	1.5060	1.8949	295.55	1.1607	9.3786	0.021704	vapor
298.00	10.133	0.013371	74.786	573.04	648.82	2.7177	1.5063	1.8962	295.43	1.1613	9.3801	0.021713	vapor
298.00	10.200	0.013468	74.252	572.94	648.67	2.7155	1.5066	1.8975	295.31	1.1618	9.3815	0.021721	vapor
298.00	10.267	0.013564	73.724	572.84	648.53	2.7134	1.5069	1.8987	295.18	1.1624	9.3830	0.021730	vapor
298.00	10.333	0.013661	73.204	572.74	648.38	2.7112	1.5073	1.9000	295.06	1.1629	9.3845	0.021739	vapor
298.00	10.400	0.013757	72.690	572.64	648.23	2.7091	1.5076	1.9013	294.94	1.1635	9.3860	0.021747	vapor
298.00	10.467	0.013854	72.182	572.53	648.08	2.7070	1.5079	1.9026	294.81	1.1641	9.3875	0.021756	vapor
298.00	10.533	0.013951	71.681	572.43	647.94	2.7049	1.5082	1.9039	294.69	1.1646	9.3890	0.021765	vapor
298.00	10.600	0.014048	71.186	572.33	647.79	2.7028	1.5085	1.9052	294.56	1.1652	9.3905	0.021773	vapor
298.00	10.667	0.014145	70.698	572.23	647.64	2.7007	1.5088	1.9065	294.44	1.1657	9.3920	0.021782	vapor
298.00	10.733	0.014242	70.215	572.13	647.49	2.6986	1.5091	1.9078	294.32	1.1663	9.3935	0.021791	vapor
298.00	10.800	0.014339	69.738	572.03	647.34	2.6966	1.5094	1.9091	294.19	1.1668	9.3950	0.021800	vapor
298.00	10.867	0.014437	69.267	571.93	647.20	2.6945	1.5097	1.9105	294.07	1.1674	9.3966	0.021809	vapor
298.00	10.933	0.014534	68.802	571.82	647.05	2.6925	1.5100	1.9118	293.94	1.1679	9.3981	0.021818	vapor
298.00	11.000	0.014632	68.342	571.72	646.90	2.6904	1.5103	1.9131	293.82	1.1685	9.3996	0.021827	vapor
298.00	11.067	0.014730	67.888	571.62	646.75	2.6884	1.5106	1.9145	293.70	1.1691	9.4012	0.021836	vapor
298.00	11.133	0.014828	67.439	571.52	646.60	2.6864	1.5110	1.9158	293.57	1.1696	9.4028	0.021844	vapor
298.00	11.200	0.014926	66.996	571.41	646.45	2.6844	1.5113	1.9172	293.45	1.1702	9.4043	0.021853	vapor
298.00	11.267	0.015025	66.558	571.31	646.30	2.6824	1.5116	1.9185	293.32	1.1708	9.4059	0.021862	vapor
298.00	11.333	0.015123	66.125	571.21	646.15	2.6804	1.5119	1.9199	293.20	1.1713	9.4075	0.021871	vapor
298.00	11.400	0.015221	65.697	571.11	646.00	2.6784	1.5122	1.9212	293.07	1.1719	9.4091	0.021881	vapor
298.00	11.467	0.015320	65.273	571.00	645.85	2.6765	1.5125	1.9226	292.95	1.1724	9.4106	0.021890	vapor
298.00	11.533	0.015419	64.855	570.90	645.70	2.6745	1.5128	1.9240	292.82	1.1730	9.4122	0.021899	vapor
298.00	11.600	0.015518	64.442	570.80	645.55	2.6725	1.5132	1.9253	292.70	1.1736	9.4138	0.021908	vapor
298.00	11.667	0.015617	64.033	570.69	645.40	2.6706	1.5135	1.9267	292.57	1.1741	9.4155	0.021917	vapor
298.00	11.733	0.015716	63.629	570.59	645.25	2.6687	1.5138	1.9281	292.44	1.1747	9.4171	0.021926	vapor
298.00	11.800	0.015816	63.229	570.49	645.10	2.6667	1.5141	1.9295	292.32	1.1753	9.4187	0.021935	vapor
298.00	11.867	0.015915	62.834	570.38	644.95	2.6648	1.5144	1.9309	292.19	1.1758	9.4203	0.021945	vapor
298.00	11.933	0.016015	62.443	570.28	644.79	2.6629	1.5148	1.9323	292.07	1.1764	9.4220	0.021954	vapor
298.00	12.000	0.016114	62.056	570.18	644.64	2.6610	1.5151	1.9337	291.94	1.1770	9.4236	0.021963	vapor
298.00	12.067	0.016214	61.674	570.07	644.49	2.6591	1.5154	1.9351	291.81	1.1775	9.4253	0.021973	vapor
298.00	12.133	0.016314	61.296	569.97	644.34	2.6572	1.5157	1.9365	291.69	1.1781	9.4269	0.021982	vapor
298.00	12.200	0.016415	60.921	569.86	644.19	2.6554	1.5161	1.9379	291.56	1.1787	9.4286	0.021991	vapor
298.00	12.267	0.016515	60.551	569.76	644.03	2.6535	1.5164	1.9394	291.43	1.1793	9.4303	0.022001	vapor
298.00	12.333	0.016615	60.185	569.65	643.88	2.6516	1.5167	1.9408	291.31	1.1798	9.4320	0.022010	vapor
298.00	12.400	0.016716	59.823	569.55	643.73	2.6498	1.5170	1.9422	291.18	1.1804	9.4336	0.022020	vapor
298.00	12.467	0.016817	59.465	569.44	643.58	2.6479	1.5174	1.9437	291.05	1.1810	9.4353	0.022029	vapor
298.00	12.533	0.016918	59.110	569.34	643.42	2.6461	1.5177	1.9451	290.93	1.1816	9.4370	0.022039	vapor
298.00	12.600	0.017019	58.759	569.23	643.27	2.6443	1.5180	1.9466	290.80	1.1821	9.4388	0.022048	vapor
298.00	12.667	0.017120	58.412	569.13	643.12	2.6424	1.5183	1.9480	290.67	1.1827	9.4405	0.022058	vapor
298.00	12.733	0.017221	58.068	569.02	642.96	2.6406	1.5187	1.9495	290.54	1.1833	9.4422	0.022067	vapor
298.00	12.800	0.017323	57.728	568.92	642.81	2.6388	1.5190	1.9510	290.41	1.1839	9.4439	0.022077	vapor
298.00	12.867	0.017424	57.392	568.81	642.65	2.6370	1.5193	1.9524	290.29	1.1845	9.4457	0.022087	vapor
298.00	12.933	0.017526	57.059	568.70	642.50	2.6352	1.5197	1.9539	290.16	1.1850	9.4474	0.022096	vapor
298.00	13.000	0.017628	56.729	568.60	642.35	2.6334	1.5200	1.9554	290.03	1.1856	9.4492	0.022106	vapor
298.00	13.067	0.017730	56.402	568.49	642.19	2.6316	1.5203	1.9569	289.90	1.1862	9.4509	0.022116	vapor
298.00	13.133	0.017832	56.079	568.39	642.04	2.6298	1.5207	1.9584	289.77	1.1868	9.4527	0.022126	vapor
298.00	13.200	0.017934	55.759	568.28	641.88	2.6281	1.5210	1.9599	289.65	1.1874	9.4545	0.022135	vapor
298.00	13.267	0.018037	55.442	568.17	641.73	2.6263	1.5213	1.9614	289.52	1.1879	9.4563	0.022145	vapor
298.00	13.333	0.018139	55.129	568.07	641.57	2.6245	1.5217	1.9629	289.39	1.1885	9.4580	0.022155	vapor
298.00	13.400	0.018242	54.818	567.96	641.41	2.6228	1.5220	1.9645	289.26	1.1891	9.4598	0.022165	vapor
298.00	13.467	0.018345	54.511	567.85	641.26	2.6210	1.5224	1.9660	289.13	1.1897	9.4616	0.022175	vapor
298.00	13.533	0.018448	54.206	567.74	641.10	2.6193	1.5227	1.9675	289.00	1.1903	9.4635	0.022185	vapor
298.00	13.600	0.018551	53.905	567.64	640.95	2.6176	1.5230	1.9691	288.87	1.1909	9.4653	0.022195	vapor
298.00	13.667	0.018655	53.606	567.53	640.79	2.6158	1.5234	1.9706	288.74	1.1915	9.4671	0.022205	vapor
298.00	13.733	0.018758	53.310	567.42	640.63	2.6141	1.5237	1.9722	288.61	1.1921	9.4689	0.022215	vapor
298.00	13.800	0.018862	53.017	567.31	640.48	2.6124	1.5241	1.9737	288.48	1.1926	9.4708	0.022225	vapor
298.00	13.867	0.018966	52.727	567.21	640.32	2.6107	1.5244	1.9753	288.35	1.1932	9.4726	0.022235	vapor
298.00	13.933	0.019070	52.439	567.10	640.16	2.6090	1.5248	1.9768	288.22	1.1938	9.4745	0.022245	vapor
298.00	14.000	0.019174	52.155	566.99	640.01	2.6073	1.5251	1.9784	288.09	1.1944	9.4764	0.022255	vapor
298.00	14.067	0.019278	51.873	566.88	639.85	2.6056	1.5254	1.9800	287.96	1.1950	9.4782	0.022266	vapor
298.00	14.133	0.019382	51.593	566.77	639.69	2.6039	1.5258	1.9816	287.83	1.1956	9.4801	0.022276	vapor
298.00	14.200	0.019487	51.316	566.66	639.53	2.6022	1.5261	1.9832	287.70	1.1962	9.4820	0.022286	vapor
298.00	14.267	0.019592	51.042	566.55	639.37	2.6006	1.5265	1.9848	287.57	1.1968	9.4839	0.022296	vapor
298.00	14.333	0.019697	50.770	566.44	639.21	2.5989	1.5268	1.9864	287.44	1.1974	9.4858	0.022307	vapor
298.00	14.400	0.019802	50.501	566.34	639.06	2.5972	1.5272	1.9880	287.31	1.1980	9.4877	0.022317	vapor
298.00	14.467	0.019907	50.234	566.23	638.90	2.5956	1.5275	1.9896	287.18	1.1986	9.4897	0.022327	vapor
298.00	14.533	0.020012	49.969	566.12	638.74	2.5939	1.5279	1.9913	287.05	1.1992	9.4916	0.022338	vapor
298.00	14.600	0.020118	49.707	566.01	638.58	2.5923	1.5282	1.9929	286.91	1.1998	9.4935	0.022348	vapor
298.00	14.667	0.020224	49.447	565.90	638.42	2.5906	1.5286	1.9945	286.78	1.2004	9.4955	0.022359	vapor
298.00	14.733	0.020329	49.190	565.79	638.26	2.5890	1.5289	1.9962	286.65	1.2010	9.4974	0.022369	vapor
298.00	14.800	0.020435	48.935	565.68	638.10	2.5873	1.5293	1.9978	286.52	1.2016	9.4994	0.022380	vapor
298.00	14.867	0.020542	48.682	565.57	637.94	2.5857	1.5297	1.9995	286.39	1.2022	9.5014	0.022390	vapor
298.00	14.933	0.020648	48.431	565.46	637.78	2.5841	1.5300	2.0011	286.26	1.2028	9.5033	0.022401	vapor
298.00	15.000	0.020754	48.183	565.34	637.62	2.5825	1.5304	2.0028	286.12	1.2034	9.5053	0.022412	vapor
298.00	15.067	0.020861	47.936	565.23	637.46	2.5809	1.5307	2.0045	285.99	1.2040	9.5073	0.022422	vapor
298.00	15.133	0.020968	47.692	565.12	637.30	2.5792	1.5311	2.0062	285.86	1.2046	9.5093	0.022433	vapor
298.00	15.200	0.021075	47.450	565.01	637.14	2.5776	1.5314	2.0079	285.73	1.2052	9.5113	0.022444	vapor
298.00	15.267	0.021182	47.210	564.90	636.97	2.5760	1.5318	2.0096	285.59	1.2058	9.5134	0.022455	vapor
298.00	15.333	0.021289	46.972	564.79	636.81	2.5744	1.5322	2.0113	285.46	1.2064	9.5154	0.022465	vapor
298.00	15.400	0.021397	46.736	564.68	636.65	2.5729	1.5325	2.0130	285.33	1.2071	9.5174	0.022476	vapor
298.00	15.467	0.021504	46.502	564.57	636.49	2.5713	1.5329	2.0147	285.19	1.2077	9.5195	0.022487	vapor
298.00	15.533	0.021612	46.270	564.45	636.33	2.5697	1.5333	2.0164	285.06	1.2083	9.5215	0.022498	vapor
298.00	15.600	0.021720	46.040	564.34	636.16	2.5681	1.5336	2.0182	284.93	1.2089	9.5236	0.022509	vapor
298.00	15.667	0.021828	45.812	564.23	636.00	2.5665	1.5340	2.0199	284.79	1.2095	9.5257	0.022520	vapor
298.00	15.733	0.021937	45.586	564.12	635.84	2.5650	1.5344	2.0217	284.66	1.2101	9.5278	0.022531	vapor
298.00	15.800	0.022045	45.361	564.00	635.67	2.5634	1.5347	2.0234	284.52	1.2107	9.5299	0.022542	vapor
298.00	15.867	0.022154	45.139	563.89	635.51	2.5618	1.5351	2.0252	284.39	1.2114	9.5320	0.022553	vapor
298.00	15.933	0.022263	44.918	563.78	635.35	2.5603	1.5355	2.0270	284.26	1.2120	9.5341	0.022564	vapor
298.00	16.000	0.022372	44.699	563.66	635.18	2.5587	1.5358	2.0287	284.12	1.2126	9.5362	0.022576	vapor
298.00	16.067	0.022481	44.482	563.55	635.02	2.5572	1.5362	2.0305	283.99	1.2132	9.5383	0.022587	vapor
298.00	16.133	0.022590	44.267	563.44	634.86	2.5556	1.5366	2.0323	283.85	1.2138	9.5404	0.022598	vapor
298.00	16.200	0.022700	44.053	563.32	634.69	2.5541	1.5369	2.0341	283.72	1.2145	9.5426	0.022609	vapor
298.00	16.267	0.022809	43.842	563.21	634.53	2.5526	1.5373	2.0359	283.58	1.2151	9.5447	0.022621	vapor
298.00	16.333	0.022919	43.631	563.10	634.36	2.5510	1.5377	2.0377	283.45	1.2157	9.5469	0.022632	vapor
298.00	16.400	0.023029	43.423	562.98	634.20	2.5495	1.5381	2.0396	283.31	1.2163	9.5491	0.022643	vapor
298.00	16.467	0.023140	43.216	562.87	634.03	2.5480	1.5384	2.0414	283.17	1.2170	9.5513	0.022655	vapor
298.00	16.533	0.023250	43.011	562.75	633.86	2.5465	1.5388	2.0432	283.04	1.2176	9.5534	0.022666	vapor
298.00	16.600	0.023361	42.807	562.64	633.70	2.5449	1.5392	2.0451	282.90	1.2182	9.5556	0.022678	vapor
298.00	16.667	0.023471	42.605	562.52	633.53	2.5434	1.5396	2.0469	282.77	1.2188	9.5579	0.022689	vapor
298.00	16.733	0.023582	42.405	562.41	633.37	2.5419	1.5400	2.0488	282.63	1.2195	9.5601	0.022701	vapor
298.00	16.800	0.023693	42.206	562.29	633.20	2.5404	1.5403	2.0507	282.49	1.2201	9.5623	0.022713	vapor
298.00	16.867	0.023805	42.009	562.18	633.03	2.5389	1.5407	2.0525	282.36	1.2207	9.5645	0.022724	vapor
298.00	16.933	0.023916	41.813	562.06	632.86	2.5374	1.5411	2.0544	282.22	1.2214	9.5668	0.022736	vapor
298.00	17.000	0.024028	41.618	561.95	632.70	2.5359	1.5415	2.0563	282.08	1.2220	9.5690	0.022748	vapor
298.00	17.067	0.024140	41.425	561.83	632.53	2.5344	1.5419	2.0582	281.95	1.2226	9.5713	0.022760	vapor
298.00	17.133	0.024252	41.234	561.71	632.36	2.5329	1.5423	2.0601	281.81	1.2233	9.5736	0.022771	vapor
298.00	17.200	0.024364	41.044	561.60	632.19	2.5314	1.5426	2.0621	281.67	1.2239	9.5759	0.022783	vapor
298.00	17.267	0.024476	40.856	561.48	632.03	2.5300	1.5430	2.0640	281.54	1.2245	9.5782	0.022795	vapor
298.00	17.333	0.024589	40.669	561.36	631.86	2.5285	1.5434	2.0659	281.40	1.2252	9.5805	0.022807	vapor
298.00	17.400	0.024702	40.483	561.25	631.69	2.5270	1.5438	2.0679	281.26	1.2258	9.5828	0.022819	vapor
298.00	17.467	0.024815	40.299	561.13	631.52	2.5255	1.5442	2.0698	281.12	1.2264	9.5851	0.022831	vapor
298.00	17.533	0.024928	40.116	561.01	631.35	2.5241	1.5446	2.0718	280.98	1.2271	9.5874	0.022843	vapor
298.00	17.600	0.025041	39.934	560.90	631.18	2.5226	1.5450	2.0738	280.85	1.2277	9.5898	0.022855	vapor
298.00	17.667	0.025155	39.754	560.78	631.01	2.5211	1.5454	2.0757	280.71	1.2284	9.5921	0.022867	vapor
298.00	17.733	0.025269	39.575	560.66	630.84	2.5197	1.5458	2.0777	280.57	1.2290	9.5945	0.022880	vapor
298.00	17.800	0.025383	39.397	560.54	630.67	2.5182	1.5462	2.0797	280.43	1.2297	9.5969	0.022892	vapor
298.00	17.867	0.025497	39.221	560.42	630.50	2.5168	1.5466	2.0817	280.29	1.2303	9.5993	0.022904	vapor
298.00	17.933	0.025611	39.046	560.31	630.33	2.5153	1.5470	2.0837	280.15	1.2310	9.6017	0.022917	vapor
298.00	18.000	0.025725	38.872	560.19	630.16	2.5139	1.5474	2.0858	280.01	1.2316	9.6041	0.022929	vapor
298.00	18.067	0.025840	38.699	560.07	629.99	2.5124	1.5478	2.0878	279.87	1.2323	9.6065	0.022941	vapor
298.00	18.133	0.025955	38.528	559.95	629.81	2.5110	1.5481	2.0898	279.73	1.2329	9.6089	0.022954	vapor
298.00	18.200	0.026070	38.358	559.83	629.64	2.5096	1.5486	2.0919	279.59	1.2336	9.6113	0.022966	vapor
298.00	18.267	0.026185	38.189	559.71	629.47	2.5081	1.5490	2.0940	279.45	1.2342	9.6138	0.022979	vapor
298.00	18.333	0.026301	38.021	559.59	629.30	2.5067	1.5494	2.0960	279.31	1.2349	9.6162	0.022991	vapor
298.00	18.400	0.026417	37.855	559.47	629.12	2.5053	1.5498	2.0981	279.17	1.2355	9.6187	0.023004	vapor
298.00	18.467	0.026533	37.689	559.35	628.95	2.5039	1.5502	2.1002	279.03	1.2362	9.6212	0.023017	vapor
298.00	18.533	0.026649	37.525	559.23	628.78	2.5024	1.5506	2.1023	278.89	1.2368	9.6237	0.023029	vapor
298.00	18.600	0.026765	37.362	559.11	628.61	2.5010	1.5510	2.1044	278.75	1.2375	9.6262	0.023042	vapor
298.00	18.667	0.026882	37.200	558.99	628.43	2.4996	1.5514	2.1065	278.61	1.2381	9.6287	0.023055	vapor
298.00	18.733	0.026998	37.039	558.87	628.26	2.4982	1.5518	2.1086	278.47	1.2388	9.6312	0.023068	vapor
298.00	18.800	0.027115	36.880	558.75	628.08	2.4968	1.5522	2.1108	278.33	1.2395	9.6337	0.023081	vapor
298.00	18.867	0.027232	36.721	558.63	627.91	2.4954	1.5526	2.1129	278.19	1.2401	9.6363	0.023094	vapor
298.00	18.933	0.027350	36.564	558.51	627.73	2.4939	1.5530	2.1151	278.04	1.2408	9.6388	0.023107	vapor
298.00	19.000	0.027467	36.407	558.39	627.56	2.4925	1.5534	2.1173	277.90	1.2414	9.6414	0.023120	vapor
298.00	19.067	0.027585	36.252	558.26	627.38	2.4911	1.5539	2.1194	277.76	1.2421	9.6440	0.023133	vapor
298.00	19.133	0.027703	36.097	558.14	627.21	2.4897	1.5543	2.1216	277.62	1.2428	9.6465	0.023146	vapor
298.00	19.200	0.027821	35.944	558.02	627.03	2.4883	1.5547	2.1238	277.48	1.2434	9.6491	0.023159	vapor
298.00	19.267	0.027939	35.792	557.90	626.86	2.4870	1.5551	2.1260	277.33	1.2441	9.6518	0.023172	vapor
298.00	19.333	0.028058	35.640	557.77	626.68	2.4856	1.5555	2.1282	277.19	1.2448	9.6544	0.023186	vapor
298.00	19.400	0.028177	35.490	557.65	626.50	2.4842	1.5559	2.1305	277.05	1.2455	9.6570	0.023199	vapor
298.00	19.467	0.028296	35.341	557.53	626.33	2.4828	1.5564	2.1327	276.90	1.2461	9.6596	0.023212	vapor
298.00	19.533	0.028415	35.192	557.41	626.15	2.4814	1.5568	2.1350	276.76	1.2468	9.6623	0.023226	vapor
298.00	19.600	0.028535	35.045	557.28	625.97	2.4800	1.5572	2.1372	276.62	1.2475	9.6650	0.023239	vapor
298.00	19.667	0.028654	34.899	557.16	625.79	2.4786	1.5576	2.1395	276.47	1.2481	9.6676	0.023253	vapor
298.00	19.733	0.028774	34.753	557.03	625.61	2.4773	1.5581	2.1418	276.33	1.2488	9.6703	0.023266	vapor
298.00	19.800	0.028894	34.609	556.91	625.44	2.4759	1.5585	2.1441	276.19	1.2495	9.6730	0.023280	vapor
298.00	19.867	0.029015	34.465	556.79	625.26	2.4745	1.5589	2.1464	276.04	1.2502	9.6757	0.023294	vapor
298.00	19.933	0.029135	34.323	556.66	625.08	2.4732	1.5593	2.1487	275.90	1.2509	9.6785	0.023308	vapor
298.00	20.000	0.029256	34.181	556.54	624.90	2.4718	1.5598	2.1510	275.75	1.2515	9.6812	0.023321	vapor
298.00	20.067	0.029377	34.040	556.41	624.72	2.4704	1.5602	2.1534	275.61	1.2522	9.6840	0.023335	vapor
298.00	20.133	0.029498	33.900	556.29	624.54	2.4691	1.5606	2.1557	275.46	1.2529	9.6867	0.023349	vapor
298.00	20.200	0.029620	33.761	556.16	624.36	2.4677	1.5611	2.1581	275.32	1.2536	9.6895	0.023363	vapor
298.00	20.267	0.029742	33.623	556.04	624.18	2.4663	1.5615	2.1605	275.17	1.2543	9.6923	0.023377	vapor
298.00	20.333	0.029863	33.486	555.91	624.00	2.4650	1.5619	2.1628	275.03	1.2550	9.6951	0.023391	vapor
298.00	20.400	0.029986	33.349	555.78	623.82	2.4636	1.5624	2.1652	274.88	1.2556	9.6979	0.023405	vapor
298.00	20.467	0.030108	33.214	555.66	623.64	2.4623	1.5628	2.1676	274.74	1.2563	9.7007	0.023419	vapor
298.00	20.533	0.030231	33.079	555.53	623.45	2.4609	1.5632	2.1701	274.59	1.2570	9.7035	0.023434	vapor
298.00	20.600	0.030354	32.945	555.40	623.27	2.4596	1.5637	2.1725	274.44	1.2577	9.7064	0.023448	vapor
298.00	20.667	0.030477	32.812	555.28	623.09	2.4582	1.5641	2.1749	274.30	1.2584	9.7092	0.023462	vapor
298.00	20.733	0.030600	32.680	555.15	622.91	2.4569	1.5646	2.1774	274.15	1.2591	9.7121	0.023476	vapor
298.00	20.800	0.030723	32.548	555.02	622.72	2.4555	1.5650	2.1799	274.00	1.2598	9.7150	0.023491	vapor
298.00	20.867	0.030847	32.418	554.90	622.54	2.4542	1.5655	2.1824	273.86	1.2605	9.7179	0.023505	vapor
298.00	20.933	0.030971	32.288	554.77	622.36	2.4528	1.5659	2.1849	273.71	1.2612	9.7208	0.023520	vapor
298.00	21.000	0.031096	32.159	554.64	622.17	2.4515	1.5663	2.1874	273.56	1.2619	9.7237	0.023535	vapor
298.00	21.067	0.031220	32.031	554.51	621.99	2.4502	1.5668	2.1899	273.41	1.2626	9.7266	0.023549	vapor
298.00	21.133	0.031345	31.903	554.38	621.80	2.4488	1.5672	2.1924	273.27	1.2633	9.7296	0.023564	vapor
298.00	21.200	0.031470	31.776	554.25	621.62	2.4475	1.5677	2.1950	273.12	1.2640	9.7326	0.023579	vapor
298.00	21.267	0.031595	31.650	554.12	621.43	2.4462	1.5682	2.1975	272.97	1.2647	9.7355	0.023594	vapor
298.00	21.333	0.031721	31.525	554.00	621.25	2.4448	1.5686	2.2001	272.82	1.2654	9.7385	0.023608	vapor
298.00	21.400	0.031846	31.401	553.87	621.06	2.4435	1.5691	2.2027	272.67	1.2661	9.7415	0.023623	vapor
298.00	21.467	0.031972	31.277	553.74	620.88	2.4422	1.5695	2.2053	272.52	1.2668	9.7445	0.023638	vapor
298.00	21.533	0.032099	31.154	553.61	620.69	2.4409	1.5700	2.2079	272.38	1.2675	9.7476	0.023653	vapor
298.00	21.600	0.032225	31.032	553.48	620.50	2.4395	1.5704	2.2105	272.23	1.2682	9.7506	0.023669	vapor
298.00	21.667	0.032352	30.910	553.35	620.32	2.4382	1.5709	2.2132	272.08	1.2689	9.7537	0.023684	vapor
298.00	21.733	0.032479	30.789	553.21	620.13	2.4369	1.5714	2.2158	271.93	1.2697	9.7567	0.023699	vapor
298.00	21.800	0.032606	30.669	553.08	619.94	2.4356	1.5718	2.2185	271.78	1.2704	9.7598	0.023714	vapor
298.00	21.867	0.032734	30.550	552.95	619.75	2.4343	1.5723	2.2212	271.63	1.2711	9.7629	0.023730	vapor
298.00	21.933	0.032861	30.431	552.82	619.57	2.4330	1.5727	2.2239	271.48	1.2718	9.7660	0.023745	vapor
298.00	22.000	0.032990	30.313	552.69	619.38	2.4316	1.5732	2.2266	271.33	1.2725	9.7691	0.023761	vapor
298.00	22.067	0.033118	30.195	552.56	619.19	2.4303	1.5737	2.2293	271.18	1.2732	9.7723	0.023776	vapor
298.00	22.133	0.033246	30.078	552.42	619.00	2.4290	1.5741	2.2320	271.02	1.2740	9.7754	0.023792	vapor
298.00	22.200	0.033375	29.962	552.29	618.81	2.4277	1.5746	2.2348	270.87	1.2747	9.7786	0.023808	vapor
298.00	22.267	0.033504	29.847	552.16	618.62	2.4264	1.5751	2.2376	270.72	1.2754	9.7818	0.023823	vapor
298.00	22.333	0.033634	29.732	552.03	618.43	2.4251	1.5756	2.2403	270.57	1.2761	9.7850	0.023839	vapor
298.00	22.400	0.033763	29.618	551.89	618.24	2.4238	1.5760	2.2431	270.42	1.2768	9.7882	0.023855	vapor
298.00	22.467	0.033893	29.504	551.76	618.05	2.4225	1.5765	2.2460	270.27	1.2776	9.7914	0.023871	vapor
298.00	22.533	0.034023	29.392	551.63	617.85	2.4212	1.5770	2.2488	270.11	1.2783	9.7946	0.023887	vapor
298.00	22.600	0.034154	29.279	551.49	617.66	2.4199	1.5775	2.2516	269.96	1.2790	9.7979	0.023903	vapor
298.00	22.667	0.034284	29.168	551.36	617.47	2.4186	1.5780	2.2545	269.81	1.2798	9.8012	0.023919	vapor
298.00	22.733	0.034415	29.057	551.22	617.28	2.4173	1.5784	2.2574	269.66	1.2805	9.8044	0.023936	vapor
298.00	22.800	0.034547	28.946	551.09	617.09	2.4160	1.5789	2.2603	269.50	1.2812	9.8077	0.023952	vapor
298.00	22.867	0.034678	28.837	550.95	616.89	2.4147	1.5794	2.2632	269.35	1.2820	9.8111	0.023968	vapor
298.00	22.933	0.034810	28.727	550.82	616.70	2.4134	1.5799	2.2661	269.20	1.2827	9.8144	0.023985	vapor
298.00	23.000	0.034942	28.619	550.68	616.50	2.4121	1.5804	2.2690	269.04	1.2834	9.8177	0.024001	vapor
298.00	23.067	0.035075	28.511	550.55	616.31	2.4108	1.5809	2.2720	268.89	1.2842	9.8211	0.024018	vapor
298.00	23.133	0.035207	28.403	550.41	616.12	2.4095	1.5814	2.2750	268.73	1.2849	9.8245	0.024034	vapor
298.00	23.200	0.035340	28.296	550.27	615.92	2.4083	1.5819	2.2780	268.58	1.2857	9.8279	0.024051	vapor
298.00	23.267	0.035473	28.190	550.14	615.72	2.4070	1.5823	2.2810	268.42	1.2864	9.8313	0.024068	vapor
298.00	23.333	0.035607	28.084	550.00	615.53	2.4057	1.5828	2.2840	268.27	1.2871	9.8347	0.024085	vapor
298.00	23.400	0.035741	27.979	549.86	615.33	2.4044	1.5833	2.2870	268.11	1.2879	9.8381	0.024102	vapor
298.00	23.467	0.035875	27.875	549.72	615.14	2.4031	1.5838	2.2901	267.96	1.2886	9.8416	0.024119	vapor
298.00	23.533	0.036009	27.771	549.59	614.94	2.4018	1.5843	2.2932	267.80	1.2894	9.8450	0.024136	vapor
298.00	23.600	0.036144	27.667	549.45	614.74	2.4005	1.5848	2.2963	267.65	1.2901	9.8485	0.024153	vapor
298.00	23.667	0.036279	27.564	549.31	614.54	2.3993	1.5853	2.2994	267.49	1.2909	9.8520	0.024170	vapor
298.00	23.733	0.036414	27.462	549.17	614.35	2.3980	1.5858	2.3025	267.34	1.2916	9.8555	0.024187	vapor
298.00	23.800	0.036550	27.360	549.03	614.15	2.3967	1.5864	2.3057	267.18	1.2924	9.8591	0.024205	vapor
298.00	23.867	0.036686	27.259	548.89	613.95	2.3954	1.5869	2.3088	267.02	1.2931	9.8626	0.024222	vapor
298.00	23.933	0.036822	27.158	548.75	613.75	2.3942	1.5874	2.3120	266.87	1.2939	9.8662	0.024240	vapor
298.00	24.000	0.036958	27.058	548.61	613.55	2.3929	1.5879	2.3152	266.71	1.2946	9.8698	0.024257	vapor
298.00	24.067	0.037095	26.958	548.47	613.35	2.3916	1.5884	2.3184	266.55	1.2954	9.8734	0.024275	vapor
298.00	24.133	0.037232	26.858	548.33	613.15	2.3903	1.5889	2.3217	266.39	1.2962	9.8770	0.024293	vapor
298.00	24.200	0.037370	26.760	548.19	612.95	2.3891	1.5894	2.3249	266.24	1.2969	9.8806	0.024311	vapor
298.00	24.267	0.037507	26.661	548.05	612.75	2.3878	1.5899	2.3282	266.08	1.2977	9.8843	0.024329	vapor
298.00	24.333	0.037645	26.564	547.91	612.55	2.3865	1.5905	2.3315	265.92	1.2985	9.8879	0.024347	vapor
298.00	24.400	0.037784	26.466	547.77	612.34	2.3852	1.5910	2.3349	265.76	1.2992	9.8916	0.024365	vapor
298.00	24.467	0.037922	26.370	547.62	612.14	2.3840	1.5915	2.3382	265.60	1.3000	9.8953	0.024383	vapor
298.00	24.533	0.038061	26.273	547.48	611.94	2.3827	1.5920	2.3416	265.44	1.3008	9.8991	0.024401	vapor
298.00	24.600	0.038201	26.177	547.34	611.74	2.3814	1.5926	2.3449	265.28	1.3015	9.9028	0.024420	vapor
298.00	24.667	0.038340	26.082	547.20	611.53	2.3802	1.5931	2.3483	265.12	1.3023	9.9066	0.024438	vapor
298.00	24.733	0.038480	25.987	547.05	611.33	2.3789	1.5936	2.3518	264.96	1.3031	9.9103	0.024457	vapor
298.00	24.800	0.038621	25.893	546.91	611.12	2.3776	1.5941	2.3552	264.80	1.3038	9.9141	0.024475	vapor
298.00	24.867	0.038761	25.799	546.77	610.92	2.3764	1.5947	2.3587	264.64	1.3046	9.9179	0.024494	vapor
298.00	24.933	0.038902	25.705	546.62	610.71	2.3751	1.5952	2.3622	264.48	1.3054	9.9218	0.024513	vapor
298.00	25.000	0.039044	25.612	546.48	610.51	2.3738	1.5958	2.3657	264.32	1.3062	9.9256	0.024532	vapor
298.00	25.067	0.039185	25.520	546.33	610.30	2.3726	1.5963	2.3692	264.16	1.3070	9.9295	0.024551	vapor
298.00	25.133	0.039327	25.428	546.19	610.09	2.3713	1.5968	2.3728	264.00	1.3077	9.9334	0.024570	vapor
298.00	25.200	0.039470	25.336	546.04	609.89	2.3700	1.5974	2.3763	263.84	1.3085	9.9373	0.024589	vapor
298.00	25.267	0.039612	25.245	545.89	609.68	2.3688	1.5979	2.3799	263.67	1.3093	9.9412	0.024608	vapor
298.00	25.333	0.039755	25.154	545.75	609.47	2.3675	1.5985	2.3836	263.51	1.3101	9.9451	0.024627	vapor
298.00	25.400	0.039898	25.064	545.60	609.26	2.3663	1.5990	2.3872	263.35	1.3109	9.9491	0.024647	vapor
298.00	25.467	0.040042	24.974	545.45	609.05	2.3650	1.5996	2.3909	263.19	1.3117	9.9531	0.024666	vapor
298.00	25.533	0.040186	24.884	545.31	608.85	2.3637	1.6001	2.3946	263.02	1.3125	9.9571	0.024686	vapor
298.00	25.600	0.040331	24.795	545.16	608.64	2.3625	1.6007	2.3983	262.86	1.3133	9.9611	0.024705	vapor
298.00	25.667	0.040475	24.706	545.01	608.43	2.3612	1.6012	2.4020	262.70	1.3141	9.9651	0.024725	vapor
298.00	25.733	0.040620	24.618	544.86	608.21	2.3600	1.6018	2.4058	262.53	1.3148	9.9692	0.024745	vapor
298.00	25.800	0.040766	24.530	544.72	608.00	2.3587	1.6024	2.4096	262.37	1.3156	9.9733	0.024765	vapor
298.00	25.867	0.040912	24.443	544.57	607.79	2.3574	1.6029	2.4134	262.20	1.3164	9.9774	0.024785	vapor
298.00	25.933	0.041058	24.356	544.42	607.58	2.3562	1.6035	2.4172	262.04	1.3172	9.9815	0.024805	vapor
298.00	26.000	0.041204	24.269	544.27	607.37	2.3549	1.6041	2.4211	261.87	1.3180	9.9856	0.024826	vapor
298.00	26.067	0.041351	24.183	544.12	607.15	2.3537	1.6046	2.4250	261.71	1.3188	9.9898	0.024846	vapor
298.00	26.133	0.041499	24.097	543.97	606.94	2.3524	1.6052	2.4289	261.54	1.3197	9.9940	0.024866	vapor
298.00	26.200	0.041646	24.012	543.82	606.73	2.3512	1.6058	2.4328	261.38	1.3205	9.9982	0.024887	vapor
298.00	26.267	0.041794	23.927	543.67	606.51	2.3499	1.6063	2.4368	261.21	1.3213	10.002	0.024908	vapor
298.00	26.333	0.041943	23.842	543.51	606.30	2.3486	1.6069	2.4408	261.05	1.3221	10.007	0.024929	vapor
298.00	26.400	0.042091	23.758	543.36	606.08	2.3474	1.6075	2.4448	260.88	1.3229	10.011	0.024949	vapor
298.00	26.467	0.042241	23.674	543.21	605.87	2.3461	1.6081	2.4488	260.71	1.3237	10.015	0.024970	vapor
298.00	26.533	0.042390	23.590	543.06	605.65	2.3449	1.6087	2.4529	260.54	1.3245	10.019	0.024991	vapor
298.00	26.600	0.042540	23.507	542.90	605.43	2.3436	1.6093	2.4570	260.38	1.3253	10.024	0.025013	vapor
298.00	26.667	0.042690	23.424	542.75	605.22	2.3424	1.6098	2.4611	260.21	1.3261	10.028	0.025034	vapor
298.00	26.733	0.042841	23.342	542.60	605.00	2.3411	1.6104	2.4653	260.04	1.3270	10.033	0.025055	vapor
298.00	26.800	0.042992	23.260	542.44	604.78	2.3399	1.6110	2.4695	259.87	1.3278	10.037	0.025077	vapor
298.00	26.867	0.043144	23.178	542.29	604.56	2.3386	1.6116	2.4737	259.70	1.3286	10.041	0.025099	vapor
298.00	26.933	0.043296	23.097	542.13	604.34	2.3374	1.6122	2.4780	259.53	1.3294	10.046	0.025120	vapor
298.00	27.000	0.043448	23.016	541.98	604.12	2.3361	1.6128	2.4822	259.37	1.3302	10.050	0.025142	vapor
298.00	27.067	0.043601	22.935	541.82	603.90	2.3349	1.6134	2.4865	259.20	1.3311	10.055	0.025164	vapor
298.00	27.133	0.043754	22.855	541.67	603.68	2.3336	1.6140	2.4909	259.03	1.3319	10.059	0.025186	vapor
298.00	27.200	0.043908	22.775	541.51	603.46	2.3323	1.6146	2.4952	258.86	1.3327	10.064	0.025209	vapor
298.00	27.267	0.044061	22.696	541.35	603.24	2.3311	1.6152	2.4996	258.69	1.3336	10.068	0.025231	vapor
298.00	27.333	0.044216	22.616	541.20	603.01	2.3298	1.6159	2.5041	258.51	1.3344	10.073	0.025253	vapor
298.00	27.400	0.044371	22.537	541.04	602.79	2.3286	1.6165	2.5085	258.34	1.3352	10.078	0.025276	vapor
298.00	27.467	0.044526	22.459	540.88	602.57	2.3273	1.6171	2.5130	258.17	1.3361	10.082	0.025299	vapor
298.00	27.533	0.044682	22.381	540.72	602.34	2.3261	1.6177	2.5175	258.00	1.3369	10.087	0.025321	vapor
298.00	27.600	0.044838	22.303	540.56	602.12	2.3248	1.6183	2.5221	257.83	1.3377	10.091	0.025344	vapor
298.00	27.667	0.044994	22.225	540.40	601.89	2.3236	1.6190	2.5267	257.66	1.3386	10.096	0.025367	vapor
298.00	27.733	0.045151	22.148	540.24	601.67	2.3223	1.6196	2.5313	257.48	1.3394	10.101	0.025391	vapor
298.00	27.800	0.045308	22.071	540.08	601.44	2.3211	1.6202	2.5360	257.31	1.3403	10.106	0.025414	vapor
298.00	27.867	0.045466	21.994	539.92	601.22	2.3198	1.6209	2.5407	257.14	1.3411	10.110	0.025437	vapor
298.00	27.933	0.045625	21.918	539.76	600.99	2.3186	1.6215	2.5454	256.96	1.3420	10.115	0.025461	vapor
298.00	28.000	0.045783	21.842	539.60	600.76	2.3173	1.6221	2.5502	256.79	1.3428	10.120	0.025485	vapor
298.00	28.067	0.045942	21.766	539.44	600.53	2.3160	1.6228	2.5550	256.62	1.3436	10.125	0.025508	vapor
298.00	28.133	0.046102	21.691	539.28	600.30	2.3148	1.6234	2.5598	256.44	1.3445	10.130	0.025532	vapor
298.00	28.200	0.046262	21.616	539.12	600.07	2.3135	1.6241	2.5647	256.27	1.3454	10.135	0.025556	vapor
298.00	28.267	0.046423	21.541	538.95	599.84	2.3123	1.6247	2.5696	256.09	1.3462	10.140	0.025581	vapor
298.00	28.333	0.046584	21.467	538.79	599.61	2.3110	1.6254	2.5746	255.91	1.3471	10.145	0.025605	vapor
298.00	28.400	0.046745	21.393	538.62	599.38	2.3098	1.6260	2.5795	255.74	1.3479	10.150	0.025630	vapor
298.00	28.467	0.046907	21.319	538.46	599.15	2.3085	1.6267	2.5846	255.56	1.3488	10.155	0.025654	vapor
298.00	28.533	0.047070	21.245	538.30	598.91	2.3073	1.6273	2.5896	255.39	1.3496	10.160	0.025679	vapor
298.00	28.600	0.047232	21.172	538.13	598.68	2.3060	1.6280	2.5947	255.21	1.3505	10.165	0.025704	vapor
298.00	28.667	0.047396	21.099	537.96	598.45	2.3047	1.6287	2.5999	255.03	1.3514	10.170	0.025729	vapor
298.00	28.733	0.047560	21.026	537.80	598.21	2.3035	1.6293	2.6051	254.85	1.3522	10.175	0.025754	vapor
298.00	28.800	0.047724	20.954	537.63	597.98	2.3022	1.6300	2.6103	254.68	1.3531	10.180	0.025780	vapor
298.00	28.867	0.047889	20.882	537.46	597.74	2.3010	1.6307	2.6156	254.50	1.3540	10.185	0.025805	vapor
298.00	28.933	0.048054	20.810	537.30	597.51	2.2997	1.6314	2.6209	254.32	1.3548	10.190	0.025831	vapor
298.00	29.000	0.048220	20.738	537.13	597.27	2.2984	1.6321	2.6262	254.14	1.3557	10.196	0.025857	vapor
298.00	29.067	0.048386	20.667	536.96	597.03	2.2972	1.6327	2.6316	253.96	1.3566	10.201	0.025883	vapor
298.00	29.133	0.048553	20.596	536.79	596.79	2.2959	1.6334	2.6371	253.78	1.3575	10.206	0.025909	vapor
298.00	29.200	0.048721	20.525	536.62	596.55	2.2947	1.6341	2.6425	253.60	1.3583	10.211	0.025935	vapor
298.00	29.267	0.048889	20.455	536.45	596.31	2.2934	1.6348	2.6481	253.42	1.3592	10.217	0.025961	vapor
298.00	29.333	0.049057	20.384	536.28	596.07	2.2921	1.6355	2.6536	253.24	1.3601	10.222	0.025988	vapor
298.00	29.400	0.049226	20.315	536.11	595.83	2.2909	1.6362	2.6593	253.06	1.3610	10.228	0.026015	vapor
298.00	29.467	0.049395	20.245	535.94	595.59	2.2896	1.6369	2.6649	252.88	1.3619	10.233	0.026042	vapor
298.00	29.533	0.049565	20.175	535.76	595.35	2.2883	1.6376	2.6706	252.69	1.3628	10.238	0.026069	vapor
298.00	29.600	0.049736	20.106	535.59	595.11	2.2871	1.6384	2.6764	252.51	1.3636	10.244	0.026096	vapor
298.00	29.667	0.049907	20.037	535.42	594.86	2.2858	1.6391	2.6822	252.33	1.3645	10.249	0.026123	vapor
298.00	29.733	0.050079	19.969	535.24	594.62	2.2845	1.6398	2.6881	252.15	1.3654	10.255	0.026151	vapor
298.00	29.800	0.050251	19.900	535.07	594.37	2.2833	1.6405	2.6940	251.96	1.3663	10.261	0.026179	vapor
298.00	29.867	0.050423	19.832	534.90	594.13	2.2820	1.6412	2.6999	251.78	1.3672	10.266	0.026206	vapor
298.00	29.933	0.050597	19.764	534.72	593.88	2.2807	1.6420	2.7059	251.59	1.3681	10.272	0.026235	vapor
298.00	30.000	0.050771	19.696	534.54	593.63	2.2795	1.6427	2.7120	251.41	1.3690	10.278	0.026263	vapor
298.00	30.067	0.050945	19.629	534.37	593.39	2.2782	1.6435	2.7181	251.22	1.3699	10.283	0.026291	vapor
298.00	30.133	0.051120	19.562	534.19	593.14	2.2769	1.6442	2.7243	251.04	1.3708	10.289	0.026320	vapor
298.00	30.200	0.051296	19.495	534.01	592.89	2.2756	1.6449	2.7305	250.85	1.3717	10.295	0.026349	vapor
298.00	30.267	0.051472	19.428	533.83	592.64	2.2744	1.6457	2.7368	250.67	1.3726	10.301	0.026378	vapor
298.00	30.333	0.051648	19.362	533.66	592.39	2.2731	1.6464	2.7431	250.48	1.3735	10.307	0.026407	vapor
298.00	30.400	0.051826	19.295	533.48	592.14	2.2718	1.6472	2.7495	250.29	1.3744	10.312	0.026436	vapor
298.00	30.467	0.052004	19.229	533.30	591.88	2.2705	1.6480	2.7560	250.10	1.3753	10.318	0.026466	vapor
298.00	30.533	0.052182	19.164	533.12	591.63	2.2693	1.6487	2.7625	249.92	1.3762	10.324	0.026496	vapor
298.00	30.600	0.052361	19.098	532.94	591.38	2.2680	1.6495	2.7690	249.73	1.3771	10.330	0.026525	vapor
298.00	30.667	0.052541	19.033	532.75	591.12	2.2667	1.6503	2.7757	249.54	1.3780	10.336	0.026556	vapor
298.00	30.733	0.052722	18.968	532.57	590.87	2.2654	1.6511	2.7823	249.35	1.3790	10.342	0.026586	vapor
298.00	30.800	0.052903	18.903	532.39	590.61	2.2641	1.6518	2.7891	249.16	1.3799	10.349	0.026617	vapor
298.00	30.867	0.053084	18.838	532.21	590.35	2.2628	1.6526	2.7959	248.97	1.3808	10.355	0.026647	vapor
298.00	30.933	0.053266	18.774	532.02	590.10	2.2616	1.6534	2.8028	248.78	1.3817	10.361	0.026678	vapor
298.00	31.000	0.053449	18.709	531.84	589.84	2.2603	1.6542	2.8097	248.59	1.3826	10.367	0.026709	vapor
298.00	31.067	0.053633	18.645	531.65	589.58	2.2590	1.6550	2.8167	248.40	1.3836	10.373	0.026741	vapor
298.00	31.133	0.053817	18.581	531.47	589.32	2.2577	1.6558	2.8238	248.21	1.3845	10.380	0.026772	vapor
298.00	31.200	0.054002	18.518	531.28	589.06	2.2564	1.6566	2.8309	248.01	1.3854	10.386	0.026804	vapor
298.00	31.267	0.054188	18.454	531.09	588.79	2.2551	1.6575	2.8381	247.82	1.3863	10.392	0.026836	vapor
298.00	31.333	0.054374	18.391	530.91	588.53	2.2538	1.6583	2.8454	247.63	1.3873	10.399	0.026868	vapor
298.00	31.400	0.054561	18.328	530.72	588.27	2.2525	1.6591	2.8527	247.43	1.3882	10.405	0.026901	vapor
298.00	31.467	0.054748	18.265	530.53	588.00	2.2512	1.6599	2.8601	247.24	1.3891	10.412	0.026934	vapor
298.00	31.533	0.054936	18.203	530.34	587.74	2.2499	1.6608	2.8676	247.04	1.3901	10.418	0.026967	vapor
298.00	31.600	0.055125	18.140	530.15	587.47	2.2486	1.6616	2.8752	246.85	1.3910	10.425	0.027000	vapor
298.00	31.667	0.055315	18.078	529.96	587.20	2.2473	1.6624	2.8828	246.65	1.3919	10.431	0.027033	vapor
298.00	31.733	0.055505	18.016	529.77	586.94	2.2460	1.6633	2.8905	246.46	1.3929	10.438	0.027067	vapor
298.00	31.800	0.055697	17.954	529.57	586.67	2.2447	1.6642	2.8983	246.26	1.3938	10.445	0.027101	vapor
298.00	31.867	0.055888	17.893	529.38	586.40	2.2434	1.6650	2.9062	246.06	1.3947	10.451	0.027135	vapor
298.00	31.933	0.056081	17.831	529.19	586.13	2.2421	1.6659	2.9142	245.87	1.3957	10.458	0.027169	vapor
298.00	32.000	0.056274	17.770	528.99	585.86	2.2408	1.6668	2.9222	245.67	1.3966	10.465	0.027204	vapor
298.00	32.067	0.056468	17.709	528.80	585.58	2.2395	1.6676	2.9303	245.47	1.3976	10.472	0.027239	vapor
298.00	32.133	0.056663	17.648	528.60	585.31	2.2382	1.6685	2.9385	245.27	1.3985	10.479	0.027274	vapor
298.00	32.200	0.056859	17.587	528.40	585.04	2.2369	1.6694	2.9468	245.07	1.3995	10.486	0.027309	vapor
298.00	32.267	0.057055	17.527	528.21	584.76	2.2355	1.6703	2.9552	244.87	1.4004	10.493	0.027345	vapor
298.00	32.333	0.057252	17.467	528.01	584.48	2.2342	1.6712	2.9636	244.67	1.4014	10.500	0.027381	vapor
298.00	32.400	0.057450	17.406	527.81	584.21	2.2329	1.6721	2.9722	244.47	1.4023	10.507	0.027417	vapor
298.00	32.467	0.057649	17.346	527.61	583.93	2.2316	1.6730	2.9808	244.27	1.4033	10.514	0.027453	vapor
298.00	32.533	0.057848	17.287	527.41	583.65	2.2303	1.6739	2.9895	244.07	1.4042	10.521	0.027490	vapor
298.00	32.600	0.058048	17.227	527.21	583.37	2.2289	1.6748	2.9984	243.86	1.4052	10.529	0.027527	vapor
298.00	32.667	0.058249	17.168	527.01	583.09	2.2276	1.6758	3.0073	243.66	1.4061	10.536	0.027565	vapor
298.00	32.733	0.058451	17.108	526.80	582.80	2.2263	1.6767	3.0163	243.46	1.4071	10.543	0.027602	vapor
298.00	32.800	0.058654	17.049	526.60	582.52	2.2249	1.6777	3.0254	243.25	1.4081	10.551	0.027640	vapor
298.00	32.867	0.058858	16.990	526.40	582.24	2.2236	1.6786	3.0346	243.05	1.4090	10.558	0.027678	vapor
298.00	32.933	0.059062	16.931	526.19	581.95	2.2223	1.6796	3.0440	242.84	1.4100	10.565	0.027717	vapor
298.00	33.000	0.059268	16.873	525.98	581.66	2.2209	1.6805	3.0534	242.64	1.4109	10.573	0.027756	vapor
298.00	33.067	0.059474	16.814	525.78	581.38	2.2196	1.6815	3.0629	242.43	1.4119	10.581	0.027795	vapor
298.00	33.133	0.059681	16.756	525.57	581.09	2.2182	1.6825	3.0726	242.22	1.4129	10.588	0.027834	vapor
298.00	33.200	0.059889	16.698	525.36	580.80	2.2169	1.6834	3.0823	242.01	1.4138	10.596	0.027874	vapor
298.00	33.267	0.060098	16.640	525.15	580.51	2.2155	1.6844	3.0922	241.81	1.4148	10.604	0.027914	vapor
298.00	33.333	0.060307	16.582	524.94	580.21	2.2142	1.6854	3.1022	241.60	1.4158	10.611	0.027955	vapor
298.00	33.400	0.060518	16.524	524.73	579.92	2.2128	1.6864	3.1123	241.39	1.4168	10.619	0.027995	vapor
298.00	33.467	0.060730	16.466	524.52	579.63	2.2115	1.6874	3.1225	241.18	1.4177	10.627	0.028037	vapor
298.00	33.533	0.060942	16.409	524.31	579.33	2.2101	1.6885	3.1328	240.97	1.4187	10.635	0.028078	vapor
298.00	33.600	0.061156	16.352	524.09	579.03	2.2087	1.6895	3.1433	240.76	1.4197	10.643	0.028120	vapor
298.00	33.667	0.061370	16.295	523.88	578.74	2.2074	1.6905	3.1539	240.54	1.4207	10.651	0.028162	vapor
298.00	33.733	0.061586	16.238	523.66	578.44	2.2060	1.6916	3.1646	240.33	1.4216	10.659	0.028204	vapor
298.00	33.800	0.061802	16.181	523.44	578.14	2.2046	1.6926	3.1754	240.12	1.4226	10.668	0.028247	vapor
298.00	33.867	0.062019	16.124	523.23	577.83	2.2033	1.6937	3.1864	239.90	1.4236	10.676	0.028291	vapor
298.00	33.933	0.062238	16.067	523.01	577.53	2.2019	1.6947	3.1975	239.69	1.4246	10.684	0.028334	vapor
298.00	34.000	0.062457	16.011	522.79	577.23	2.2005	1.6958	3.2088	239.48	1.4256	10.693	0.028378	vapor
298.00	34.067	0.062678	15.955	522.57	576.92	2.1991	1.6969	3.2202	239.26	1.4265	10.701	0.028423	vapor
298.00	34.133	0.062899	15.898	522.35	576.61	2.1977	1.6980	3.2317	239.04	1.4275	10.710	0.028468	vapor
298.00	34.200	0.063122	15.842	522.12	576.31	2.1964	1.6991	3.2434	238.83	1.4285	10.718	0.028513	vapor
298.00	34.267	0.063346	15.786	521.90	576.00	2.1950	1.7002	3.2553	238.61	1.4295	10.727	0.028559	vapor
298.00	34.333	0.063570	15.731	521.68	575.69	2.1936	1.7013	3.2673	238.39	1.4305	10.736	0.028605	vapor
298.00	34.400	0.063796	15.675	521.45	575.37	2.1922	1.7024	3.2794	238.17	1.4315	10.744	0.028651	vapor
298.00	34.467	0.064023	15.619	521.22	575.06	2.1908	1.7036	3.2917	237.95	1.4324	10.753	0.028698	vapor
298.00	34.533	0.064251	15.564	521.00	574.74	2.1894	1.7047	3.3042	237.73	1.4334	10.762	0.028745	vapor
298.00	34.600	0.064480	15.509	520.77	574.43	2.1879	1.7059	3.3169	237.51	1.4344	10.771	0.028793	vapor
298.00	34.667	0.064711	15.453	520.54	574.11	2.1865	1.7070	3.3297	237.29	1.4354	10.780	0.028841	vapor
298.00	34.733	0.064942	15.398	520.31	573.79	2.1851	1.7082	3.3426	237.06	1.4364	10.789	0.028890	vapor
298.00	34.800	0.065175	15.343	520.07	573.47	2.1837	1.7094	3.3558	236.84	1.4374	10.798	0.028939	vapor
298.00	34.867	0.065409	15.288	519.84	573.15	2.1823	1.7106	3.3692	236.62	1.4384	10.808	0.028989	vapor
298.00	34.933	0.065644	15.234	519.61	572.82	2.1808	1.7118	3.3827	236.39	1.4394	10.817	0.029039	vapor
298.00	35.000	0.065880	15.179	519.37	572.50	2.1794	1.7130	3.3964	236.16	1.4404	10.826	0.029090	vapor
298.00	35.067	0.066118	15.124	519.13	572.17	2.1780	1.7143	3.4103	235.94	1.4414	10.836	0.029141	vapor
298.00	35.133	0.066357	15.070	518.90	571.84	2.1765	1.7155	3.4244	235.71	1.4424	10.845	0.029193	vapor
298.00	35.200	0.066597	15.016	518.66	571.51	2.1751	1.7167	3.4388	235.48	1.4433	10.855	0.029245	vapor
298.00	35.267	0.066839	14.961	518.42	571.18	2.1736	1.7180	3.4533	235.25	1.4443	10.865	0.029297	vapor
298.00	35.333	0.067081	14.907	518.18	570.85	2.1722	1.7193	3.4680	235.02	1.4453	10.875	0.029351	vapor
298.00	35.400	0.067326	14.853	517.93	570.51	2.1707	1.7206	3.4830	234.79	1.4463	10.884	0.029405	vapor
298.00	35.467	0.067571	14.799	517.69	570.18	2.1693	1.7219	3.4982	234.56	1.4473	10.894	0.029459	vapor
298.00	35.533	0.067818	14.745	517.44	569.84	2.1678	1.7232	3.5136	234.33	1.4483	10.904	0.029514	vapor
298.00	35.600	0.068066	14.692	517.20	569.50	2.1663	1.7245	3.5292	234.10	1.4493	10.915	0.029569	vapor
298.00	35.667	0.068316	14.638	516.95	569.16	2.1649	1.7258	3.5451	233.86	1.4503	10.925	0.029626	vapor
298.00	35.733	0.068567	14.584	516.70	568.81	2.1634	1.7272	3.5612	233.63	1.4513	10.935	0.029682	vapor
298.00	35.800	0.068820	14.531	516.45	568.47	2.1619	1.7285	3.5776	233.39	1.4523	10.946	0.029740	vapor
298.00	35.867	0.069074	14.477	516.19	568.12	2.1604	1.7299	3.5942	233.15	1.4533	10.956	0.029798	vapor
298.00	35.933	0.069329	14.424	515.94	567.77	2.1589	1.7313	3.6111	232.92	1.4543	10.967	0.029856	vapor
298.00	36.000	0.069586	14.371	515.68	567.42	2.1574	1.7327	3.6283	232.68	1.4553	10.977	0.029916	vapor
298.00	36.067	0.069845	14.317	515.43	567.07	2.1559	1.7341	3.6457	232.44	1.4563	10.988	0.029975	vapor
298.00	36.133	0.070105	14.264	515.17	566.71	2.1544	1.7356	3.6635	232.20	1.4573	10.999	0.030036	vapor
298.00	36.200	0.070367	14.211	514.91	566.35	2.1529	1.7370	3.6815	231.95	1.4583	11.010	0.030097	vapor
298.00	36.267	0.070630	14.158	514.65	566.00	2.1514	1.7385	3.6998	231.71	1.4592	11.021	0.030159	vapor
298.00	36.333	0.070895	14.105	514.38	565.63	2.1498	1.7400	3.7185	231.47	1.4602	11.032	0.030222	vapor
298.00	36.400	0.071162	14.052	514.12	565.27	2.1483	1.7415	3.7374	231.22	1.4612	11.043	0.030286	vapor
298.00	36.467	0.071431	14.000	513.85	564.91	2.1468	1.7430	3.7567	230.98	1.4622	11.055	0.030350	vapor
298.00	36.533	0.071701	13.947	513.59	564.54	2.1452	1.7445	3.7763	230.73	1.4632	11.066	0.030415	vapor
298.00	36.600	0.071973	13.894	513.32	564.17	2.1437	1.7460	3.7962	230.48	1.4642	11.078	0.030481	vapor
298.00	36.667	0.072247	13.841	513.05	563.80	2.1421	1.7476	3.8165	230.23	1.4652	11.090	0.030548	vapor
298.00	36.733	0.072522	13.789	512.77	563.42	2.1405	1.7492	3.8372	229.98	1.4662	11.101	0.030615	vapor
298.00	36.800	0.072800	13.736	512.50	563.05	2.1390	1.7508	3.8583	229.73	1.4671	11.113	0.030684	vapor
298.00	36.867	0.073079	13.684	512.22	562.67	2.1374	1.7524	3.8797	229.48	1.4681	11.125	0.030753	vapor
298.00	36.933	0.073360	13.631	511.94	562.29	2.1358	1.7540	3.9015	229.23	1.4691	11.138	0.030823	vapor
298.00	37.000	0.073643	13.579	511.66	561.90	2.1342	1.7557	3.9237	228.97	1.4701	11.150	0.030894	vapor
298.00	37.067	0.073928	13.527	511.38	561.52	2.1326	1.7574	3.9464	228.72	1.4710	11.162	0.030966	vapor
298.00	37.133	0.074216	13.474	511.10	561.13	2.1310	1.7591	3.9695	228.46	1.4720	11.175	0.031039	vapor
298.00	37.200	0.074505	13.422	510.81	560.74	2.1294	1.7608	3.9930	228.20	1.4730	11.188	0.031113	vapor
298.00	37.267	0.074796	13.370	510.52	560.35	2.1278	1.7625	4.0170	227.94	1.4740	11.200	0.031188	vapor
298.00	37.333	0.075090	13.317	510.23	559.95	2.1262	1.7643	4.0415	227.68	1.4749	11.213	0.031263	vapor
298.00	37.400	0.075386	13.265	509.94	559.55	2.1245	1.7661	4.0664	227.42	1.4759	11.226	0.031340	vapor
298.00	37.467	0.075683	13.213	509.65	559.15	2.1229	1.7679	4.0919	227.15	1.4768	11.240	0.031419	vapor
298.00	37.533	0.075984	13.161	509.35	558.75	2.1212	1.7697	4.1179	226.89	1.4778	11.253	0.031498	vapor
298.00	37.600	0.076286	13.109	509.05	558.34	2.1196	1.7716	4.1444	226.62	1.4788	11.267	0.031578	vapor
298.00	37.667	0.076591	13.056	508.75	557.93	2.1179	1.7735	4.1715	226.35	1.4797	11.280	0.031660	vapor
298.00	37.733	0.076898	13.004	508.45	557.52	2.1162	1.7754	4.1991	226.09	1.4807	11.294	0.031742	vapor
298.00	37.800	0.077208	12.952	508.14	557.10	2.1145	1.7773	4.2274	225.81	1.4816	11.308	0.031826	vapor
298.00	37.867	0.077520	12.900	507.83	556.68	2.1128	1.7793	4.2562	225.54	1.4825	11.322	0.031911	vapor
298.00	37.933	0.077835	12.848	507.52	556.26	2.1111	1.7813	4.2858	225.27	1.4835	11.336	0.031998	vapor
298.00	38.000	0.078152	12.796	507.21	555.83	2.1094	1.7833	4.3159	224.99	1.4844	11.351	0.032086	vapor
298.00	38.067	0.078472	12.743	506.89	555.40	2.1077	1.7853	4.3468	224.72	1.4853	11.366	0.032175	vapor
298.00	38.133	0.078795	12.691	506.58	554.97	2.1060	1.7874	4.3783	224.44	1.4863	11.380	0.032266	vapor
298.00	38.200	0.079121	12.639	506.26	554.54	2.1042	1.7895	4.4106	224.16	1.4872	11.395	0.032358	vapor
298.00	38.267	0.079449	12.587	505.93	554.10	2.1025	1.7917	4.4437	223.88	1.4881	11.411	0.032451	vapor
298.00	38.333	0.079781	12.534	505.61	553.65	2.1007	1.7939	4.4776	223.59	1.4890	11.426	0.032547	vapor
298.00	38.400	0.080115	12.482	505.28	553.21	2.0989	1.7961	4.5123	223.31	1.4899	11.441	0.032643	vapor
298.00	38.467	0.080452	12.430	504.95	552.76	2.0971	1.7983	4.5478	223.02	1.4908	11.457	0.032742	vapor
298.00	38.533	0.080793	12.377	504.61	552.30	2.0953	1.8006	4.5842	222.73	1.4917	11.473	0.032842	vapor
298.00	38.600	0.081137	12.325	504.27	551.85	2.0935	1.8029	4.6216	222.44	1.4925	11.489	0.032944	vapor
298.00	38.667	0.081484	12.272	503.93	551.38	2.0917	1.8053	4.6599	222.14	1.4934	11.506	0.033048	vapor
298.00	38.733	0.081834	12.220	503.59	550.92	2.0898	1.8077	4.6993	221.85	1.4943	11.522	0.033154	vapor
298.00	38.800	0.082188	12.167	503.24	550.45	2.0880	1.8101	4.7397	221.55	1.4951	11.539	0.033261	vapor
298.00	38.867	0.082545	12.115	502.89	549.97	2.0861	1.8126	4.7812	221.25	1.4960	11.556	0.033371	vapor
298.00	38.933	0.082907	12.062	502.53	549.49	2.0843	1.8151	4.8238	220.95	1.4968	11.573	0.033483	vapor
298.00	39.000	0.083271	12.009	502.18	549.01	2.0824	1.8177	4.8676	220.65	1.4977	11.591	0.033596	vapor
298.00	39.067	0.083640	11.956	501.81	548.52	2.0805	1.8203	4.9127	220.34	1.4985	11.608	0.033713	vapor
298.00	39.133	0.084013	11.903	501.45	548.03	2.0785	1.8230	4.9591	220.03	1.4993	11.626	0.033831	vapor
298.00	39.200	0.084389	11.850	501.08	547.53	2.0766	1.8257	5.0069	219.72	1.5001	11.645	0.033952	vapor
298.00	39.267	0.084770	11.797	500.71	547.03	2.0746	1.8285	5.0561	219.41	1.5009	11.663	0.034075	vapor
298.00	39.333	0.085155	11.743	500.33	546.52	2.0727	1.8313	5.1068	219.09	1.5017	11.682	0.034201	vapor
298.00	39.400	0.085545	11.690	499.95	546.01	2.0707	1.8342	5.1591	218.77	1.5024	11.701	0.034330	vapor
298.00	39.467	0.085939	11.636	499.56	545.49	2.0687	1.8372	5.2130	218.45	1.5032	11.721	0.034462	vapor
298.00	39.533	0.086337	11.582	499.17	544.96	2.0667	1.8402	5.2688	218.13	1.5039	11.740	0.034596	vapor
298.00	39.600	0.086741	11.529	498.78	544.43	2.0646	1.8433	5.3263	217.80	1.5046	11.760	0.034734	vapor
298.00	39.667	0.087150	11.475	498.38	543.89	2.0626	1.8464	5.3858	217.47	1.5053	11.781	0.034875	vapor
298.00	39.733	0.087564	11.420	497.97	543.35	2.0605	1.8496	5.4474	217.14	1.5060	11.801	0.035019	vapor
298.00	39.800	0.087983	11.366	497.56	542.80	2.0584	1.8529	5.5111	216.80	1.5067	11.822	0.035167	vapor
298.00	39.867	0.088407	11.311	497.15	542.24	2.0563	1.8563	5.5771	216.46	1.5073	11.844	0.035318	vapor
298.00	39.933	0.088838	11.256	496.73	541.68	2.0541	1.8597	5.6456	216.12	1.5080	11.865	0.035474	vapor
298.00	40.000	0.089274	11.201	496.30	541.11	2.0519	1.8632	5.7166	215.77	1.5086	11.888	0.035633	vapor
